00000000000000000010000001000000
00000000000000000010100010000000
00001100000000000000000000000101
00000000010100001000100000100000
00001000000000000000000000010010
00000011101000001110100000100010
10101111101111110000000000000001
10101111101001000000000000000000
00011100100000000000000000000011
00000011101000001110100000100000
00000011111000000000000000001000
00000000100000010010000000100010
00001100000000000000000000000101
10001111101001000000000000000000
10001111101111110000000000000001
00000011101000001110100000100000
00000000010001010001000000100000
00000011111000000000000000001000
